8701989
8701937
8702012
8701984
8701979
8701971
8701970
8701963
8701962
8701961
8701960
8701959
8701956
8701940
8701894
8701934
8701931
8701925
8701924
8701920
8701896
8701923
8701909
8701908
8701907
8701906
8701903
8701902
8701900
8701899
8701892
8701891
8701881
8701879
8701869
8701868
8701867
8701864
8701863
8701857
8701856
8701851
8701837
8701835
8701832
8701826
8701823
8701796
8701652
8701824
8701819
8701811
8701809
8701793
8701774
8701773
8701771
8701767
8701765
8701740
8701675
8701673
8701672
8701667
8701620
8701616
8701529
8701527
8701520
8701519
8701513
8701511
8701510
8701509
8701508
8701495
8701489
8701483
8701295
8701264
8701206
8701205
8701188
8701187
8701186
8701178
8701184
8701179
8701170
8701114
8701133
8701103
8701102
8701086
8701077
8701074
8701072
8701065
8701063
8701062
8701061
8701039
8701034
8701032
8701029
8701027
8700993
8700995
8700987
8700992
8700991
8700962
8700960
8700957
8700956
8700955
8700919
8700918
8700917
8700915
8700895
8700883
8700894
8700812
8700810
8700803
8700586
8700597
8700596
8700554
8700537
8700510
8700555
8700533
8700432
8700431
8700424
8700401
8700393
8700334
8700329
8700327
8700320
8700290
8700229
8700226
8700218
8700217
8700216
8700215
8700196
8700188
8700163
8700141
8700084
8700165
8700164
8700162
8700158
8700157
8700129
8700127
8700123
8700087
8700082
8699999
8700083
8700079
8700073
8700069
8700068
8700067
8700066
8700058
8700054
8700049
8700045
8700043
8700041
8699967
8700001
8700000
8699991
8699982
8699981
8699966
8699963
8699962
8699961
8699958
8699956
8699951
8699948
8699943
8699931
8699934
8699933
8699932
8699929
8699925
8699924
8699904
8699896
8699900
8699898
8699894
8699847
8699830
8699824
8699823
8699820
8699696
8699813
8699678
8699635
8699634
8699632
8699631
8699630
8699622
8699612
8699608
8699610
8699607
8699559
8699558
8699555
8699550
8699545
8699544
8699541
8699540
8699539
8699518
8699517
8699512
8699510
8699509
8699506
8699416
8699415
8699412
8699410
8699372
8699370
8699344
8699341
8699339
8699338
8699337
8699336
8699313
8699309
8699308
8699289
8699287
8699281
8699253
8699252
8699245
8699216
8699212
8699211
8699210
8699196
8699190
8699186
8699184
8699183
8699181
8699145
8699144
8699140
8699105
8699101
8699079
8699072
8699071
8699057
8699076
8699062
8699058
8699049
8699048
8699042
8699041
8699040
8699039
8699032
8699029
8699028
8699026
8699021
8699020
8699018
8699013
8698983
8698981
8698979
8698977
8698968
8698914
8698907
8698848
8698846
8698842
8698839
8698836
8698793
8698770
8698768
8698765
8698706
8698703
8698698
8698684
8698681
8698680
8698678
8695753
8695268
8695267
8691951
8691501
8687395
8686060
8685382
8668826
8685861
8685750
8674485
8674067
8673931
8673833
8671581
8670656
8670441
8670328
8669375
8668828
8669123
8668956
8666135
8666028
8665959
8654984
8652627
8652259
8650043
8649944
8649690
8649472
8647141
8648013
8647604
8644261
8643849
8643830
8643313
8641946
8641534
8641275
8641144
8640576
8640497
8637990
8638480
8638460
8638459
8638359
8637570
8620709
8635945
8635786
8633276
8633233
8633127
8633034
8632118
8630550
8629682
8629673
8629481
8629251
8628994
8628953
8628864
8627749
8627294
8626789
8625515
8624836
8624000
8623957
8623956
8623860
8622955
8622819
8622291
8621792
8621632
8621610
8621591
8621036
8620058
8619412
8611614
8619411
8619381
8619285
8616974
8616964
8616559
8616558
8616381
8616379
8616260
8614373
8614555
8616259
8599270
8598945
8597921
8595594
8595520
8595516
8595356
8593600
8593582
8593508
8581706
8581670
8581256
8575867
8566357
8565924
8564083
8546572
8549596
8544687
8531354
8530744
8530707
8530594
8530511
8530510
8529320
8528149
8528155
8527924
8527530
8526652
8526547
8518646
8517896
8512672
8511421
8511373
8509020
8508983
8501813
8501650
8497078
8497065
8494968
8494698
8494432
8486620
8494016
8493891
8493775
8489496
8487616
8489607
8487313
8486852
8486677
8486452
8486048
8477276
8477597
8472897
8470699
8473120
8473119
8473098
8473029
8472120
8471650
8470628
8470013
8469890
8469677
8469626
8450801
8450798
8450697
8450506
8448951
8448717
8446989
8446887
8447919
8447815
8447683
8444182
8443641
8441347
8438722
8438618
8433249
8431711
8428351
8428174
8426576
8426568
8415716
8423761
8422632
8421735
8421732
8421558
8399717
8398605
8388941
8388797
8387139
8383610
8383097
8382587
8383196
8382989
8382843
8382840
8382586
8380922
8380685
8380596
8379378
8379251
8379250
8379054
8378975
8374578
8374108
8371020
8371019
8370800
8367315
8367314
8364932
8364071
8366769
8364889
8363867
8363297
8360095
8364072
8364045
8354285
8339712
8339014
8338358
8336312
8332274
8331945
8331406
8327732
8327505
8327477
8327266
8326842
8326118
8326482
8322984
8322684
8322680
8322366
8322075
8321022
8320257
8319771
8319208
8318447
8318614
8318238
8318127
8317717
8314838
8314798
8314796
8313248
8312632
8314533
8313477
8311501
8311071
8310806
8310614
8309369
8308640
8307567
8308193
8307679
8307678
8307559
8305780
8302043
8295242
8295241
8294843
8294841
8294615
8294492
8293128
8289796
8289593
8289592
8289366
8288655
8288426
8287093
8286769
8286768
8285265
8285587
8285032
8284164
8284057
8283099
8280942
8279715
8272957
8272121
8271645
8269976
8271578
8271347
8271053
8267469
8266393
8264645
8262023
8261229
8259401
8260761
8255944
8255803
8254505
8253916
8251626
8251547
8251354
8251236
8250191
8250009
8249744
8246696
8246025
8245777
8245585
8245718
8241750
8241172
8236114
8235917
8235916
8235555
8235211
8234967
8233859
8229042
8228982
8228959
8226934
8226550
8225848
8225738
8225607
8224627
8224463
8219052
8222190
8218147
8217634
8216716
8216798
8216574
8216492
8216422
8212791
8212245
8211914
8210009
8209152
8209151
8208300
8207677
8202225
8202136
8201498
8200334
8200008
8199619
8199360
8194894
8192845
8192390
8192106
8192061
8191226
8191175
8190626
8190818
8190795
8190702
8190701
8189223
8189122
8188297
8188296
8187538
8187389
8183060
8183343
8177179
8171652
8166202
8166203
8165920
8164453
8164212
8163830
8163513
8163239
8156270
8156219
8155983
8146439
8141870
8140911
8140171
8136882
8130686
8130013
8129935
8126077
8126032
8125564
8125536
8124456
8124257
8123930
8120990
8120425
8120059
8119004
8111218
8118153
8117584
8115933
8115857
8112746
8112279
8111937
8111215
8110442
8108967
8104676
8104589
8103949
8103327
8103148
8102850
8102820
8102727
8102611
8097040
8095666
8095510
8094447
8094266
8092866
8091844
8087953
8087712
8087251
8086534
8086465
8086240
8085937
8084693
8084536
8083368
8081251
8081249
8080900
8079606
8079009
8078702
8078118
8076112
8070826
8069964
8068745
8067340
8066208
8064627
8064129
8064119
8064118
8061981
8061711
8061525
8061085
8059011
8059148
8058976
8058720
8055805
8055709
8054088
8054081
8053858
8053392
8052779
8047282
8046951
8046582
8046509
8045570
8045233
8044403
8044391
8044193
8041976
8041877
8040292
8039475
8039768
8039549
8039474
8039231
8037438
8033896
8033764
8033629
8032607
8032124
8031759
8031119
8030361
8027293
8027113
8025563
8026852
8026377
8026104
8025562
8024447
8023714
8021945
8016080
8018156
8018047
8017821
8017000
8016168
8015806
8015608
8015149
8012530
8011971
8012193
8011289
8010816
8010059
8010013
8009657
8009474
8009348
8005714
8005692
8005436
8005262
8005250
8004032
8003821
8003669
8001088
8000340
8000233
8000114
7999673
7998763
7998208
7998039
7996993
7992447
7992377
7992054
7991767
7991670
7991285
7989173
7986508
7989114
7988670
7988325
7988324
7986672
7986533
7983712
7983360
7983214
7980409
7980331
7979451
7978944
7978160
7978159
7977421
7974898
7960818
7976927
7976577
7975333
7974676
7974095
7974690
7974360
7974359
7974357
7974295
7973920
7973514
7972283
7971718
7970226
7970107
7969803
7968946
7968598
7968466
7968361
7967377
7964050
7963847
7963766
7962919
7962118
7962047
7961913
7961779
7961056
7960814
7960334
7959431
7958200
7957917
7957840
7957787
7957646
7956001
7955803
7954974
7954603
7950604
7949239
7948813
7948812
7948731
7948020
7947825
7944801
7944705
7943971
7942813
7942790
7942548
7942386
7942474
7941886
7940073
7939962
7939855
7939679
7939487
7935700
7939110
7938775
7938764
7938593
7937912
7937412
7933531
7935850
7935753
7935269
7935124
7934864
7933896
7933722
7932495
7930204
7930136
7930028
7929682
7929573
7928755
7928745
7928569
7927259
7926618
7926604
7926602
7925666
7925355
7925072
7923387
7923049
7925077
7920376
7902853
7922587
7920708
7920321
7919825
7918610
7918210
7914901
7895442
7913786
7912846
7912764
7912109
7911552
7911072
7907036
7906659
7906651
7906484
7906650
7905927
7902731
7902659
7902447
7902223
7901867
7900761
7898960
7896479
7895595
7893631
7893399
7893051
7892464
7891356
7886686
7886452
7883213
7882656
7882267
7882032
7880669
7880283
7879173
7874764
7873664
7873326
7873325
7872817
7872083
7871698
7871342
7871316
7868364
7868253
7868237
7867256
7867745
7867080
7865791
7865428
7865365
7864777
7862504
7853887
7862367
7861560
7861465
7860274
7859962
7859355
7859321
7856600
7855851
7854229
7843802
7853921
7853861
7853798
7853586
7852648
7852237
7850699
7850554
7850032
7849996
7849799
7849469
7847920
7847704
7847035
7846058
7840560
7840278
7839501
7839500
7839459
7839169
7838872
7838723
7838572
7835796
7835635
7835528
7835378
7835366
7835129
7835005
7834736
7833526
7832664
7832497
7832090
7831748
7830375
7829604
7831854
7831628
7829827
7829697
7829688
7829272
7828576
7828012
7827171
7825714
7824040
7825713
7825694
7825552
7821062
7821049
7820697
7820677
7819510
7819377
7819279
7817541
7817330
7817265
7817241
7816222
7814971
7811532
7815554
7815356
7813579
7813180
7811505
7811204
7810732
7810393
7808613
7808054
7806555
7806160
7805033
7804445
7804224
7803387
7803256
7803243
7801717
7798527
7798039
7797002
7796269
7795969
7795616
7795313
7795084
7794239
7791246
7790891
7789740
7789628
7788767
7788698
7788622
7780237
7787864
7782085
7779377
7778854
7778780
7777661
7776512
7776484
7775484
7772408
7772319
7772134
7771047
7770827
7744317
7769777
7769583
7765456
7765262
7763574
7763196
7761762
7760209
7759382
7758654
7758290
7755219
7755195
7754938
7754663
7753457
7752960
7752471
7752141
7751802
7749005
7748995
7748696
7745244
7748064
7747337
7745166
7744284
7744720
7743913
7743912
7743273
7741820
7740840
7740793
7740748
7740291
7740201
7740196
7737065
7736924
7684406
7683792
7679925
7665472
7682207
7681907
7681654
7680849
7680036
7679918
7678749
7677868
7676661
7676645
7676644
7676492
7674482
7674270
7673720
7673666
7672505
7672423
7671327
7671239
7670955
7670859
7670623
7665227
7665104
7664969
7664787
7660909
7660688
7660510
7659384
7658204
7658191
7657868
7657041
7656250
7653452
7653010
7652834
7652122
7652018
7651345
7649353
7649183
7646354
7644903
7645099
7642687
7642505
7636630
7641222
7641190
7640358
7633028
7633027
7632899
7630702
7630206
7630192
7625577
7625802
7625565
7624163
7622848
7622590
7622367
7622263
7617582
7617476
7616848
7616333
7615036
7614763
7614562
7614443
7614316
7611925
7611852
7611839
7611800
7610939
7610920
7610246
7610135
7609836
7609597
7606487
7605097
7604441
7602462
7602461
7601966
7601954
7601885
7601547
7598471
7596828
7595820
7595439
7594855
7591413
7592025
7591590
7591145
7588843
7587301
7587069
7586879
7586178
7584560
7583377
7580042
7578453
7578026
7577621
7576950
7576001
7575774
7572186
7572134
7571982
7571840
7571549
7569113
7568400
7565580
7564731
7564181
7565035
7564789
7564741
7563337
7563226
7560034
7559217
7558953
7558494
7558371
7558155
7557640
7557341
7551332
7550765
7549897
7547511
7546991
7541764
7541184
7540209
7540787
7540613
7540595
7540523
7535112
7534054
7534053
7533835
7533218
7533214
7531561
7525461
7524661
7524593
7524103
7522966
7522409
7520447
7519207
7518079
7517880
7517416
7517123
7511323
7517303
7517152
7516071
7515667
7515617
7496489
7514879
7513816
7513771
7513610
7511414
7510675
7510131
7509844
7509834
7509000
7507907
7507475
7507474
7507236
7503742
7503129
7502849
7502805
7501249
7500465
7500399
7499441
7493312
7492096
7492011
7489706
7491247
7490487
7490347
7488567
7486056
7486055
7485433
7483815
7483055
7482347
7482266
7481853
7480741
7480740
7466015
7476155
7473879
7473861
7473860
7473516
7473218
7472877
7469624
7468883
7466639
7466638
7466627
7465909
7465379
7464550
7464496
7458514
7460119
7459995
7459654
7459205
7458895
7458885
7458066
7454688
7447902
7447505
7447504
7444580
7447396
7447179
7446939
7446478
7442387
7438435
7438423
7437388
7436554
7428940
7435004
7434798
7434279
7433999
7433434
7433414
7431144
7429698
7429692
7429257
7429133
7429132
7428939
7428531
7428379
7424094
7424600
7424427
7423537
7421808
7421807
7420665
7420541
7420433
7416648
7416123
7413115
7413114
7412625
7412542
7412511
7412415
7410732
7399467
7392699
7396658
7393197
7393150
7392576
7392422
7392355
7390760
7390595
7389830
7388988
7388319
7385049
7384438
7383983
7382682
7378956
7378822
7376357
7376354
7376279
7375640
7371825
7370024
7370321
7370071
7369326
7369070
7368791
7364937
7364506
7364368
7364253
7364249
7363544
7359977
7359976
7359641
7357017
7356886
7355308
7343735
7354182
7353844
7343552
7351589
7351461
7350890
7350879
7350822
7350395
7348339
7348338
7343971
7343840
7343815
7343814
7343788
7343777
7343725
7342334
7342122
7342101
7340087
7339801
7338411
7338410
7333732
7333682
7333102
7332909
7332908
7332532
7332261
7331083
7329841
7325545
7324196
7323954
7323845
7321974
7321973
7321549
7321107
7316318
7315904
7315405
7314521
7312575
7312574
7311953
7307249
7306556
7305890
7305846
7304317
7304287
7303160
7295944
7294947
7294846
7294708
7290671
7289409
7289038
7289035
7288278
7287311
7284183
7282717
7282301
7282291
7282290
7281768
7278100
7278050
7278049
7277841
7275965
7275765
7272289
7271470
7271469
7270654
7269683
7269387
7268269
7267692
7265247
7265246
7264910
7262187
7262138
7261218
7260493
7259814
7259632
7253106
7240904
7248826
7248825
7248760
7248584
7248194
7238745
7240811
7240783
7239986
7238941
7238904
7235125
7235118
7159571
7158528
7157828
7157009
7156949
7156643
7156225
7155658
7147210
7155084
7154860
7154421
7153651
7151215
7111001
7107626
7106305
7104946
7103916
7103719
7102102
7101282
7096222
7095462
7094761
7094760
7092618
7091639
7038628
7038310
7037993
7037605
7037179
7009120
7009533
7009213
7008958
7008828
7008827
7006260
7001717
7001603
6999424
6999011
6995238
6993599
6986792
6986718
6986269
6984253
6984084
6984082
6983378
6958445
6955844
6955196
6955195
6950281
6946093
6950171
6949862
6949774
6943858
6943724
6943677
6943519
6936337
6935985
6935838
6935837
6922060
6918021
6897998
6897846
6897664
6891515
6891025
6878426
6865063
6864153
6855333
6852412
6852109
6852069
6852068
6851991
6851750
6851293
6851180
6851074
6850191
6850116
6850114
6849959
6849906
6849879
6849543
6849436
6848225
6847482
6828798
6828728
6828382
6827680
6825455
6825275
6821543
6819886
6819700
6802549
6802547
6801849
6795222
6793620
6793019
6792838
6792837
6792620
6792619
6791849
6790780
6790708
6789767
6789751
6789750
6789743
6789051
6788864
6788791
6788599
6786856
6786667
6785755
6783586
6783567
6783339
6781949
6781890
6781157
6781099
6780748
6779589
6779315
6776002
6775634
6774277
6773367
6775112
6773218
6772847
6772730
6771677
6771632
6771625
6771540
6771539
6771530
6771481
6770678
6769909
6769679
6769554
6769107
6769624
6769314
6768404
6768177
6768123
6765666
6765648
6765583
6765533
6765532
6765455
6765416
6765028
6764811
6762058
6762057
6761372
6761594
6761008
6749235
6748526
6748524
6748434
6748352
6748310
6748156
6748154
6747992
6747931
6747387
6747204
6746703
6745453
6745186
6744841
6744579
6744567
6743059
6743058
6742740
6742535
6739391
6738928
6738770
6738059
6738029
6737324
6736621
6731512
6736571
6736570
6736569
6736044
6735994
6735656
6735539
6735538
6734933
6734681
6734679
6734330
6733661
6733493
6733441
6733353
6732727
6731136
6730331
6728087
6727318
6727235
6724956
6724136
6724100
6724000
6718050
6722413
6716070
6714191
6713794
6713786
6713676
6713675
6712817
6712659
6712623
6712622
6712338
6712304
6710406
6710566
6708832
6705643
6705099
6704899
6703940
6698319
6696557
6698517
6698322
6698219
6698218
6697682
6697446
6690662
6688120
6671713
6670538
6670537
6669710
6659277
6657916
6632003
6628708
6620453
6611871
6607252
6607088
6598510
6596419
6595841
6586217
6586119
6582013
6575290
6568104
6566804
6565966
6565932
6559219
6558846
6520695
6517177
6514716
6511457
6506380
6508658
6507140
6507016
6487791
6487153
6483054
6482333
6482075
6474222
6467363
6466342
6460574
6460248
6459975
6452058
6449873
6444217
6436251
6433945
6432789
6432362
6424363
6414420
6414404
6412621
6404789
6403071
6403051
6402674
6400967
6400677
6399500
6399104
6392078
6384687
6388883
6377189
6367815
6365034
6365915
6355846
6349349
6345076
6345075
6344405
6343697
6341784
6341415
6340291
6337587
6335421
6333514
6326092
6333082
6331698
6330429
6329335
6327297
6326398
6326123
6325432
6322337
6323765
6323575
6323477
6320453
6317234
6315169
6314580
6314342
6314341
6311901
6310406
6307667
6307221
6307098
6303508
6297997
6294906
6293304
6288455
6288339
6288132
6286352
6284444
6278737
6277026
6268192
6264451
6263420
6263392
6260612
6256097
6254250
6254248
6253867
6253492
6252770
6241437
6226196
6226008
6225549
6221997
6218925
6218743
6217749
6211880
6211773
6210623
6206655
6202858
6198152
6192956
6185135
6182067
6178495
6178494
6176037
6172739
6156357
6153957
6153956
6153069
6150790
6149450
6149045
6146626
6141388
6139387
6136191
6136190
6135132
6133491
6131012
6129352
6132342
6130335
6128308
6123835
6125679
6125232
6124542
6123836
6122641
6122008
6119433
6118525
6115766
6114985
6114941
6112385
6110572
6105628
6107263
6103712
6102737
6102588
6101400
6098428
6098031
6096169
6092874
6096090
6094197
6085691
6088433
6086559
6084235
6076683
6075396
6075346
6073309
6073999
6070735
6068955
6064874
6061973
6059772
6056095
6054740
6053992
6048976
6046701
6043885
6043884
6041171
6034688
6034611
6033359
6029586
6029229
6028544
6026058
6026138
6018541
6013841
6014484
6014378
6012123
6010553
6009763
6009652
6009157
6006846
5998149
6002235
6000907
5996187
5994668
5992873
5992535
5991109
5988965
5986079
5979053
5983079
5983078
5980977
5977639
5968366
5957977
5957927
5957863
5956849
5953369
5952854
5945039
5941026
5939294
5934238
5932183
5928184
5925173
5924549
5924209
5920692
5916987
5914905
5914097
5913991
5912902
5910867
5908970
5905958
5905424
5897456
5894232
5894106
5892702
5892262
5888903
5888283
5886908
5883729
5882078
5881218
5880041
5879362
5879347
5877875
5875458
5875455
5875246
5870770
5866489
5863566
5859861
5857024
5852928
5854985
5848425
5844690
5844658
5843054
5825107
5799883
5799419
5798553
5792119
5790855
5789717
5789417
5789130
5788683
5787638
5786653
5780360
5771197
5769609
5759542
5758774
5742792
5742656
5739862
5739806
5728515
5727612
5724114
5716325
5716201
5712196
5697357
5693105
5674952
5674369
5674217
5672770
5672462
5671607
5659946
5655543
5655382
5653676
5653008
5648466
5633342
5630697
5629167
5628959
5625917
5622068
5618525
5606256
5601175
5590493
5590036
